-758.287208
-751.761254
-754.705332
-758.884715
-762.210084
-761.505923
-763.092709
-761.706756
-763.247980
-766.142598
-766.978403
-770.699339
-772.462867
-772.967469
-776.356608
-774.735685
-775.083796
-777.997652
-779.292937
-782.815039
-780.432464
-782.373120
-782.254809
-784.805352
-788.308958
-785.488506
-788.844020
-789.586341
-790.984853
-788.733172
-786.161918
-789.070030
-792.296956
-794.527416
-797.498389
-794.149649
-794.709392
-799.537664
-800.401307
-801.248098
-798.789168
-800.980763
-799.806470
-793.354379
-796.037105
-797.010392
-800.826370
-802.214855
-802.933254
-803.639948
-804.335436
-807.414588
-808.407880
-805.464566
-808.473680
-809.418756
-811.650840
-808.334075
-809.614996
-811.485565
-812.434115
-813.417270
-809.409538
-810.659399
-813.158747
-817.152748
-818.049323
-815.014989
-817.280741
-817.847359
-819.367036
-817.892778
-818.789871
-822.634834
-819.559745
-819.792528
-820.661087
-821.209408
-821.437684
-822.743454
-812.831232
-764.608438
-637.019208
-608.814567
-664.498887
-666.193817
-613.845952
-553.386822
-472.013488
-495.308877
-537.206123
-504.559877
-483.748280
-486.307219
-477.948214
-458.074699
-441.111607
-432.097660
-408.402573
-388.255740
-350.436959
-326.129165
-276.385232
-249.510679
-248.374286
-255.751615
-240.296793
-185.053020
-53.380709
47.654452
60.309131
-0.372552
35.189090
115.587517
198.741191
286.886336
286.891965
282.621958
328.537530
373.022825
386.771457
426.862966
463.310262
489.631041
521.323424
567.090016
598.249139
654.367455
700.492925
775.830243
834.235766
831.605941
836.563679
869.286099
935.137878
1010.016970
899.772445
709.779249
604.276869
726.985552
845.722721
788.389359
706.589908
609.886330
595.134023
738.026624
764.603790
721.309165
772.843717
797.497084
812.707724
793.610985
791.255629
786.144655
783.267736
761.919160
751.124041
684.247666
628.658271
657.109517
721.229093
749.251766
740.873706
645.057979
631.732811
724.466626
746.282342
755.791826
740.237478
700.758736
721.780255
736.590869
686.274589
683.475971
680.034566
692.478657
677.204515
645.179132
660.155249
644.143700
666.025202
695.476182
685.244245
670.699330
631.806940
655.325498
680.717873
687.840108
662.918047
629.860239
631.944429
638.495954
637.842147
625.725668
618.357426
621.373946
613.806141
615.052719
606.518868
612.744222
617.582196
615.596024
616.235484
603.992001
250.401095
250.700920
247.034869
246.356690
244.200311
230.141553
223.051032
223.428241
220.849342
224.751365
221.234971
218.744245
221.751108
221.321409
220.437383
217.612446
220.793682
222.535790
220.237577
216.484491
216.737935
215.536170
210.396569
212.739059
212.633211
210.078989
209.048512
214.010412
218.509886
224.532959
221.156140
224.268002
224.434603
225.628033
227.848216
222.157718
221.465970
218.821607
219.189732
223.066766
223.501326
222.975901
224.966011
233.940211
230.534099
231.132693
232.260211
236.895622
238.584014
233.849586
235.105161
234.902766
235.724816
231.612880
236.469312
238.377432
238.826581
244.767814
247.760062
251.775244
252.840953
250.460411
252.081151
253.730741
255.905416
256.618805
258.849727
260.115272
258.429042
260.741986
262.088568
270.412759
272.308169
273.732670
274.685890
273.677888
250.350963
165.479655
34.952189
-7.171515
71.381902
64.059773
-4.808883
-66.704798
-160.356989
-163.622074
-90.899625
-136.825900
-153.438528
-154.144073
-164.265587
-195.223576
-215.737858
-233.256803
-262.180068
-287.612653
-333.388112
-357.302878
-407.023480
-459.214145
-461.244456
-449.857579
-464.775817
-501.034715
-565.089800
-478.691273
-314.828367
-275.585477
-388.272057
-402.146509
-369.840831
-330.084483
-223.792548
-261.490354
-371.680011
-364.691935
-347.278853
-390.444080
-399.849857
-380.958909
-393.354625
-374.973059
-369.508976
-356.109570
-351.161017
-346.223493
-288.170380
-257.438860
-296.730604
-337.526845
-339.610429
-300.996204
-249.986701
-303.264958
-333.722793
-334.906321
-326.677191
-310.029287
-295.886877
-326.454964
-295.479121
-280.417224
-269.353577
-281.156692
-277.098769
-255.194458
-258.641689
-249.705656
-252.716515
-273.633183
-271.245191
-268.889634
-245.713337
-246.900252
-264.010197
-278.672592
-273.013365
-245.047064
-241.447161
-242.849988
-247.270062
-238.322810
-227.428748
-228.987490
-228.103969
-228.750855
-225.963445
-225.203938
-226.969324
-231.756583
-236.090524
-229.544670
-223.539398
-220.557720
-221.096557
-217.211982
-220.820843
-213.055746
-202.854383
-203.623113
-208.410969
-205.798292
-204.722717
-206.674061
-207.183895
-207.245489
-206.362544
-206.521349
-206.729059
-205.992817
-205.305833
-197.716987
-199.611574
-200.562809
-199.577766
-198.146105
-202.226148
-202.880607
-200.109537
-199.871212
-201.669138
-203.517247
-203.925978
-200.412714
-202.907820
-201.977375
-203.083040
-203.245625
-202.465045
-202.727280
-203.039176
-206.876244
-205.797506
-205.761042
-206.270162
-207.821200
-209.917438
-202.131747
-203.331652
-202.442864
-207.558607
-210.731908
-213.945872
-204.784298
-207.573282
-215.358079
-217.708258
-220.578542
-222.475893
-221.410821
-223.834764
-225.772357
-227.717037
-229.665861
-232.609069
-232.075335
115.474933
110.259254
107.365140
102.149114
103.902491
100.682387
99.125674
96.579219
95.034768
97.147559
95.287485
92.441424
90.600845
92.088937
92.593176
88.132769
85.675713
82.568252
81.133337
78.385349
74.656468
76.582714
74.542715
76.831351
79.135726
75.815788
73.175653
71.215545
70.599234
67.677300
66.099534
62.880054
60.341500
57.820450
60.625570
57.808154
56.003983
56.872088
55.767620
54.681382
51.954559
54.554691
52.528381
47.866414
44.882054
38.598636
44.610035
44.004692
43.086551
42.187455
41.307459
46.086924
44.913488
42.763934
45.610383
43.499366
41.075859
38.339863
37.945635
34.916413
34.892475
36.878428
33.906766
33.608411
31.006511
38.045133
37.139644
35.257333
38.038335
37.519664
36.023587
31.559178
31.757202
32.967788
30.213918
30.130962
29.400785
29.018418
28.983524
33.940717
47.539246
97.980283
231.049488
257.630166
199.951359
192.384749
248.201226
305.356942
390.394100
372.589769
325.267549
357.583609
379.624349
382.431213
392.546425
412.623840
431.714221
441.522605
465.605204
488.036058
521.754331
547.516250
602.812933
630.245582
626.827816
625.737608
638.255271
631.202213
548.175047
339.737847
266.008206
418.889771
402.565236
310.928972
243.515669
107.094125
141.211467
272.543496
226.373764
202.103692
215.990517
230.874426
185.043684
172.392777
167.374338
142.450313
99.279565
29.235694
1.661313
-69.707168
-93.629440
-78.400072
-68.477968
-79.456905
-118.967860
-218.198391
-116.698819
15.658032
75.355944
22.912819
-42.799935
-47.794624
28.499400
68.962862
49.375724
-22.630873
-42.876941
-21.979385
-70.089999
-78.052023
-86.674596
-74.059867
-53.147195
-57.446476
-60.414884
-68.356104
-52.073040
-0.616654
39.231857
12.064944
-40.976098
-49.221288
-45.516927
-1.661253
3.049815
-53.612972
-66.142425
-67.053072
-53.358666
-33.021808
-43.202003
-37.449460
-16.095792
-11.323789
-8.203072
-19.009475
-12.887064
-0.784574
-11.898819
-5.420431
-22.490453
-44.860802
-38.357839
-29.192455
-8.738360
-16.809610
-38.144326
-42.882217
-26.046758
-10.531237
-11.266201
-24.602401
-21.011574
-15.092648
-19.453916
-23.147145
-19.537352
-17.915209
-16.290841
-20.637246
-21.333703
-23.026248
-26.047822
-20.114403
-373.577219
-373.912389
-370.281915
-369.639537
-367.519176
-353.496649
-346.442561
-346.856400
-344.314316
-348.253332
-344.774100
-342.320693
-345.365025
-344.972933
-344.126644
-341.339563
-344.558768
-346.338950
-344.076496
-340.358710
-340.647285
-339.480474
-334.375647
-336.752723
-336.681268
-334.161240
-333.164752
-338.160431
-342.693467
-348.749881
-345.406175
-348.550916
-348.750157
-349.975982
-352.228310
-346.569701
-345.909580
-343.296577
-343.695789
-347.603632
-348.068718
-347.573530
-349.593583
-358.597426
-355.220654
-355.848277
-357.004509
-361.668316
-363.384779
-358.678091
-359.961073
-359.785746
-360.634519
-356.548959
-361.431415
-363.365200
-363.839654
-369.805825
-372.822641
-376.862016
-377.951540
-375.594432
-377.238219
-378.910464
-381.107402
-381.842656
-384.095041
-385.381645
-383.716065
-386.049248
-387.415654
-395.759250
-397.673644
-399.116705
-400.088058
-399.097758
-375.788103
-290.933628
-160.422556
-118.314807
-196.883734
-189.576669
-120.722629
-58.840879
34.797599
38.049426
-34.685824
11.228109
27.828856
28.522983
38.633542
69.581042
90.085303
107.594695
136.508878
161.932853
207.700173
231.607275
281.320689
333.504641
335.528716
324.136081
339.049040
375.303138
439.353903
352.951537
189.085272
149.839505
262.523690
276.396228
244.089118
204.331821
98.039418
135.737239
245.927393
238.940295
221.528673
264.695840
274.104039
255.215992
267.615089
249.237382
243.777636
230.383045
225.439782
220.508024
162.461151
131.736344
171.035272
211.839168
213.930875
175.325241
124.324796
177.612573
208.080392
209.274365
201.056137
184.419593
170.288999
200.869353
169.906227
154.857496
143.807460
155.624630
151.581203
129.691825
133.154425
124.234193
127.261283
148.194608
145.823697
143.485641
120.327263
121.532510
138.661197
153.342741
147.703067
119.756719
116.177164
117.600731
122.041934
113.116194
102.244024
103.825034
102.964152
103.634044
100.870003
100.134223
101.923690
106.735378
111.094092
104.573350
98.593524
95.637621
96.202557
92.344400
95.979993
88.241935
78.067914
78.864284
83.680070
81.095610
80.048531
82.028646
82.567519
82.658415
81.805029
81.993643
82.231405
81.525454
80.868993
73.310895
75.236451
76.218866
75.265210
73.865136
77.976959
78.663385
75.924462
75.718458
77.548871
79.429628
79.871161
76.390846
78.919041
78.021819
79.160832
79.356886
78.609889
78.905813
79.251499
83.122450
82.077683
82.075269
82.618513
84.203743
86.334234
78.582851
79.817417
78.962961
84.112825
87.320032
90.567681
81.439565
84.261776
92.079560
94.462482
97.365258
99.294846
98.261750
100.717403
102.686436
104.662283
106.641995
109.615811
109.112402
455.732131
454.565092
460.494747
470.032795
471.592599
474.206319
477.410409
478.653138
481.798516
482.558651
485.320616
491.975250
495.644394
494.651831
497.549163
500.510845
503.393487
509.506391
512.290790
518.643883
520.094637
520.087804
522.075883
522.307903
523.476594
524.069936
530.144064
532.909592
534.957417
535.711487
534.771712
540.989112
546.829002
551.654229
551.775407
551.323766
553.744595
557.702124
559.711030
561.684147
562.028196
561.577406
562.489440
560.817465
566.565201
573.975395
571.660561
573.681372
575.351524
576.990197
578.597832
576.803882
579.008647
578.274259
578.385216
581.499203
586.219307
585.709666
587.403708
592.380502
593.363047
592.325427
591.364140
592.927550
598.094749
594.902015
596.731782
595.628803
595.058883
596.162341
599.217615
602.312780
603.013165
605.626087
605.370990
605.693310
607.312652
608.255913
608.523627
604.765742
580.956612
481.177217
217.570894
162.198386
276.842166
286.272965
176.872252
57.991013
-110.304372
-68.809711
21.458830
-44.220437
-87.562239
-87.873510
-106.573437
-146.971281
-183.450110
-202.492324
-250.806702
-293.884783
-366.172817
-416.817427
-523.088099
-578.007889
-575.655422
-567.168722
-595.424072
-643.464059
-690.274330
-578.257192
-515.554135
-611.150578
-630.032992
-616.770996
-631.024587
-579.731699
-614.619620
-744.602313
-743.333636
-763.020206
-790.973321
-846.288816
-835.899613
-849.299690
-875.873370
-896.174641
-883.217465
-867.750845
-885.702790
-888.101800
-922.067486
-935.017820
-950.131081
-971.644873
-997.123702
-970.586486
-964.106563
-909.419699
-864.954039
-934.072348
-985.655598
-923.232891
-919.435400
-864.109086
-829.352314
-898.659051
-904.558785
-882.642857
-885.018199
-901.551387
-907.966937
-901.783557
-920.823764
-911.337691
-905.446332
-876.000529
-881.869838
-867.611340
-852.774860
-853.478033
-863.402012
-883.018415
-878.448852
-827.483431
-818.996340
-853.833894
-862.865467
-871.467498
-869.934841
-851.267793
-861.907615
-882.622802
-854.158398
-856.262624
-856.036443
-857.460127
-848.470008
-828.841594
-832.483468
-823.120646
-827.580636
-834.192540
-830.635285
-825.486783
-807.530087
-822.826819
-826.440112
-828.748347
-821.064234
-803.895450
-805.258159
-798.207858
-801.254830
-795.219126
-783.423815
-782.696391
-778.849858
-781.786264
-774.944786
-776.759626
-780.918225
-777.234770
-774.818709
-768.673501
