-0.287815
-0.266221
-0.252647
-0.237840
-0.224267
-0.208225
-0.194035
-0.177377
-0.163804
-0.148996
-0.134806
-0.121233
-0.107659
-0.091001
-0.078045
-0.060769
-0.045962
-0.031772
-0.018198
-0.004625
0.012650
0.027457
0.042882
0.057072
0.070645
0.087921
0.101494
0.115684
0.129258
0.146533
0.164425
0.177998
0.191572
0.205145
0.218718
0.236611
0.250801
0.264374
0.278565
0.292138
0.309413
0.323604
0.339028
0.360005
0.373578
0.390853
0.405044
0.418617
0.432190
0.449466
0.463656
0.477846
0.491420
0.508695
0.522268
0.536458
0.550649
0.567924
0.581497
0.595688
0.609261
0.624685
0.642577
0.656151
0.669724
0.683915
0.697488
0.714763
0.728953
0.742527
0.756717
0.773992
0.787566
0.801756
0.819031
0.833222
0.846795
0.864070
0.878260
0.891834
0.905407
0.919597
0.933171
0.949212
0.966487
0.983762
0.997336
1.014611
1.028801
1.042375
1.058416
1.075691
1.089264
1.103455
1.117028
1.131218
1.144792
1.162067
1.176257
1.189831
1.207106
1.221296
1.234870
1.249060
1.266335
1.279908
1.294099
1.307672
1.321862
1.335436
1.349626
1.366901
1.382326
1.399601
1.413791
1.427365
1.441555
1.458830
1.472403
1.486594
1.500167
1.514357
1.531633
1.545206
1.559396
1.572970
1.592096
1.609371
1.623561
1.640836
1.654410
1.668600
1.682174
1.695747
1.708703
1.708086
1.622327
1.450809
1.338521
1.423663
1.509422
1.418727
1.347158
1.231785
1.178108
1.297184
1.299652
1.245975
1.258314
1.258931
1.247826
1.215743
1.212659
1.185512
1.161450
1.103455
1.073223
1.007207
0.945510
0.946127
0.973891
0.975125
0.954765
0.845561
0.811011
0.873325
0.874559
0.862219
0.830754
0.772758
0.773375
0.767823
0.701807
0.684532
0.657385
0.646896
0.614814
0.567307
0.564222
0.532140
0.531523
0.533991
0.504376
0.477846
0.424787
0.426638
0.428489
0.418000
0.379748
0.331624
0.317434
0.300776
0.282266
0.255120
0.226122
0.210698
0.188487
0.170595
0.145916
0.131726
0.116301
0.095941
0.079283
0.052753
0.029925
0.005864
-0.016964
-0.036091
-0.055834
-0.088533
-0.113829
-0.131104
-0.152698
-0.171824
-0.194652
-0.215012
-0.228585
-0.247095
-0.264370
-0.289049
-0.308175
-0.324216
-0.345193
-0.368638
-0.387147
-0.411209
-0.436505
-0.453780
-0.473523
-0.495117
-0.516094
-0.533369
-0.550027
-0.566686
-0.590130
-0.609873
-0.629000
-0.646275
-0.662933
-0.689463
-0.709206
-0.732651
-0.751160
-0.770286
-0.788795
-0.807921
-0.825813
-0.843088
-0.866533
-0.885659
-0.903552
-0.921444
-0.939336
-0.965249
-0.983141
-1.002267
-1.020776
-1.045455
-1.063347
-1.080622
-1.099748
-1.118258
-1.136150
-1.153425
-1.171317
-1.194145
-1.211420
-1.233631
-1.250906
-1.269415
-1.286691
-1.304583
-1.326177
-1.343452
-1.361344
-1.379236
-1.396511
-1.414404
-1.436615
-1.453890
-1.473016
-1.495227
-1.512502
-1.534096
-1.551371
-1.568646
-1.585921
-1.607515
-1.624174
-1.641449
-1.658724
-1.675999
-1.693274
-1.709933
-1.727208
-1.752504
-1.769779
-1.791373
-1.808031
-1.824689
-1.843815
-1.860474
-1.877749
-1.894407
-1.915384
-1.932042
-1.948700
-1.964125
-1.963508
-1.866643
-1.717336
-1.669830
-1.801861
-1.804329
-1.730910
-1.672297
-1.568029
-1.557541
-1.682169
-1.654405
-1.629726
-1.647002
-1.648853
-1.624791
-1.620472
-1.616153
-1.593325
-1.564328
-1.526692
-1.510034
-1.451422
-1.416871
-1.440316
-1.460059
-1.453273
-1.399596
-1.323709
-1.374917
-1.393427
-1.387874
-1.367514
-1.340367
-1.307668
-1.336665
-1.292860
-1.261395
-1.241035
-1.234248
-1.220058
-1.179338
-1.176253
-1.156510
-1.149723
-1.162679
-1.139235
-1.122576
-1.085558
-1.077537
-1.088026
-1.087409
-1.070134
-1.025712
-1.010288
-1.002267
-0.989311
-0.968951
-0.944889
-0.931315
-0.917125
-0.908487
-0.893063
-0.879490
-0.866533
-0.854811
-0.846173
-0.826430
-0.808538
-0.791263
-0.780774
-0.762882
-0.749309
-0.729566
-0.706738
-0.695015
-0.685761
-0.669720
-0.655529
-0.637637
-0.625915
-0.612958
-0.599385
-0.587046
-0.571004
-0.556197
-0.542624
-0.520413
-0.506222
-0.493266
-0.479693
-0.464268
-0.451312
-0.435888
-0.415528
-0.401954
-0.389615
-0.377892
-0.364936
-0.346427
-0.332237
-0.315578
-0.303239
-0.289049
-0.274241
-0.260051
-0.246478
-0.227968
-0.214395
-0.200205
-0.186014
-0.173058
-0.159485
-0.135423
-0.121849
-0.104574
-0.091001
-0.078045
-0.065088
-0.050898
-0.032389
-0.018815
-0.005242
0.008331
0.022522
0.041031
0.054604
0.073113
0.087304
0.101494
0.115067
0.132343
0.145916
0.160106
0.173680
0.187870
0.204528
0.218101
0.232292
0.246482
0.260056
0.277948
0.291521
0.305711
0.319285
0.337177
0.352601
0.366175
0.379748
0.393938
0.407512
0.421702
0.435275
0.452550
0.466741
0.484016
0.501291
0.514865
0.529055
0.542628
0.556819
0.571009
0.586433
0.600007
0.614197
0.627770
0.645045
0.659236
0.672809
0.690084
0.704275
0.717848
0.732038
0.749313
0.762887
0.777077
0.790651
0.804841
0.825201
0.839391
0.852965
0.870240
0.884430
0.903556
0.917130
0.931320
0.948595
0.962168
0.976359
0.989932
1.004122
1.017696
1.031886
1.049161
1.062735
1.076925
1.090498
1.111475
1.125049
1.139239
1.156514
1.170088
1.184278
1.197851
1.212042
1.229317
1.242890
1.257081
1.270654
1.287929
1.302119
1.319395
1.334819
1.349009
1.362583
1.376773
1.394048
1.407621
1.421812
1.435385
1.449575
1.466851
1.480424
1.496465
1.510039
1.527314
1.541504
1.555078
1.569268
1.586543
1.600116
1.614307
1.627880
1.642070
1.657495
1.671068
1.685258
1.702534
1.714256
1.688343
1.568651
1.391580
1.352711
1.500784
1.483509
1.394048
1.314459
1.189214
1.223764
1.323096
1.279291
1.250294
1.263250
1.260782
1.226849
1.215743
1.206489
1.175640
1.148494
1.087414
1.055331
0.981295
0.943042
0.967721
0.983762
0.969572
0.916513
0.807926
0.852965
0.881345
0.871474
0.846795
0.817180
0.759185
0.785098
0.754866
0.698105
0.682681
0.655534
0.641344
0.591369
0.571009
0.544479
0.531523
0.542011
0.514865
0.490186
0.440211
0.426021
0.432807
0.429723
0.395172
0.349516
0.327305
0.313732
0.290904
0.266842
0.235377
0.214400
0.194657
0.180466
0.158872
0.139129
0.126790
0.104579
0.091005
0.066944
0.041031
0.021288
0.000311
-0.020049
-0.039175
-0.065088
-0.095937
-0.116297
-0.129253
-0.146528
-0.165654
-0.194035
-0.213161
-0.226735
-0.245861
-0.263136
-0.293367
-0.310643
-0.327918
-0.356298
-0.377275
-0.393934
-0.413060
-0.432803
-0.455014
-0.475374
-0.496968
-0.517328
-0.533986
-0.550644
-0.576557
-0.596300
-0.616043
-0.634552
-0.651211
-0.669103
-0.688229
-0.707972
-0.733268
-0.753011
-0.771520
-0.790029
-0.809155
-0.826430
-0.848641
-0.872703
-0.891829
-0.909104
-0.926997
-0.944889
-0.966483
-0.984375
-1.003501
-1.022010
-1.039285
-1.057794
-1.080005
-1.100982
-1.123810
-1.141702
-1.163913
-1.181806
-1.199081
-1.216973
-1.234865
-1.252140
-1.270649
-1.287925
-1.310135
-1.327411
-1.344069
-1.362578
-1.389108
-1.406383
-1.424275
-1.441550
-1.463144
-1.481036
-1.498929
-1.516204
-1.532862
-1.550137
-1.567412
-1.589006
-1.606282
-1.623557
-1.647002
-1.666128
-1.685871
-1.702529
-1.719804
-1.736462
-1.758056
-1.775332
-1.791990
-1.809265
-1.825923
-1.842581
-1.859857
-1.876515
-1.901811
-1.918469
-1.935127
-1.955487
-1.968443
-1.955487
-1.869111
-1.721038
-1.687105
-1.798776
-1.803712
-1.732144
-1.673531
-1.570497
-1.580369
-1.684637
-1.641449
-1.634662
-1.647002
-1.648236
-1.631577
-1.619855
-1.616153
-1.593325
-1.574816
-1.533479
-1.516821
-1.468697
-1.416871
-1.431679
-1.458825
-1.453273
-1.419956
-1.336048
-1.342835
-1.393427
-1.390959
-1.379236
-1.360727
-1.323709
-1.310752
-1.334814
-1.273734
-1.257693
-1.234865
-1.228078
-1.187975
-1.174402
-1.170083
-1.146638
-1.161445
-1.141702
-1.125661
-1.090494
-1.076304
-1.086175
-1.086175
-1.057177
-1.022627
-1.009671
-1.000416
-0.984375
-0.965866
-0.943038
-0.932549
-0.918976
-0.909104
-0.890595
-0.878256
-0.869618
-0.853577
-0.843705
-0.819027
-0.806687
-0.790029
-0.779540
-0.767818
-0.754245
-0.738203
-0.714759
-0.698100
-0.686995
-0.674655
-0.661082
-0.639488
-0.626532
-0.614192
-0.600619
-0.588280
-0.567302
-0.555580
-0.542624
-0.524731
-0.509307
-0.497585
-0.483394
-0.468587
-0.451312
-0.431569
-0.415528
-0.401954
-0.389615
-0.374191
-0.361234
-0.346427
-0.326684
-0.314961
-0.303239
-0.289049
-0.272390
-0.258200
-0.244010
-0.222416
-0.208842
-0.194652
-0.181079
-0.167505
-0.150230
-0.135423
-0.121849
-0.108276
-0.091001
-0.076194
-0.063237
-0.049047
-0.030538
-0.013880
0.003396
0.016969
0.031776
0.045967
0.059540
0.073730
0.091005
0.106430
0.120003
0.134193
0.147767
0.161957
0.175531
0.198358
0.210081
0.223654
0.237845
0.252035
0.267459
0.281033
0.295223
0.308796
0.326071
0.340262
0.354452
0.354452
0.373578
0.393938
0.407512
0.421702
0.435275
0.449466
0.463039
0.480931
0.494504
0.508078
0.522268
0.535842
0.553734
0.567307
0.583348
0.603708
0.617282
0.631472
0.645662
0.659236
0.672809
0.686999
0.700573
0.717848
0.732038
0.745612
0.759802
0.775226
0.789417
0.806692
0.820265
0.837540
0.851731
0.865304
0.879494
0.893068
0.907258
0.920831
0.938107
0.952297
0.965870
0.980061
0.993634
1.010909
1.028184
1.044226
1.057799
1.071372
1.085563
1.102838
1.117028
1.130602
1.144792
1.158365
1.171939
1.186129
1.203404
1.224381
1.237954
1.252145
1.265718
1.282993
1.297184
1.310757
1.324947
1.338521
1.352711
1.368135
1.385410
1.398984
1.413174
1.430449
1.444023
1.458213
1.471786
1.485977
1.503252
1.516825
1.531016
1.544589
1.558779
1.572353
1.588394
1.605669
1.619242
1.636518
1.650708
1.664281
1.678472
1.695747
1.709320
1.720426
1.711788
1.631582
1.397133
1.359498
1.483509
1.506954
1.417493
1.320629
1.176257
1.229934
1.328649
1.282993
1.255230
1.270037
1.265718
1.241039
1.220062
1.218828
1.186746
1.159599
1.106540
1.072606
0.986847
0.948595
0.965870
0.988698
0.974508
0.922065
0.822733
0.842476
0.887515
0.881962
0.862219
0.836306
0.788183
0.777694
0.769057
0.706126
0.690701
0.663555
0.649981
0.603091
0.603091
0.590752
0.567307
0.538309
0.545096
0.535842
0.508695
0.475995
0.430339
0.437126
0.437126
0.415532
0.369876
0.337794
0.324837
0.306945
0.288436
0.251418
0.228590
0.212549
0.194040
0.173680
0.150235
0.134193
0.115067
0.101494
0.078666
0.052136
0.026224
0.008948
-0.005859
-0.024985
-0.044728
-0.071875
-0.100255
-0.116297
-0.134806
-0.153932
-0.174292
-0.204524
-0.218097
-0.235989
-0.258200
-0.277943
-0.297686
-0.322982
-0.345193
-0.368021
-0.388998
-0.418612
-0.436505
-0.455014
-0.481544
-0.502521
-0.521030
-0.537688
-0.554346
-0.572238
-0.591364
-0.613575
-0.636403
-0.652444
-0.671571
-0.696249
-0.714759
-0.733268
-0.753011
-0.771520
-0.790029
-0.808538
-0.830749
-0.848641
-0.867767
-0.886893
-0.904169
-0.926997
-0.944272
-0.965866
-0.989311
-1.008437
-1.026329
-1.043604
