19076
19111
19133
19157
19179
19205
19228
19255
19277
19301
19324
19346
19368
19395
19416
19444
19468
19491
19513
19535
19563
19587
19612
19635
19657
19685
19707
19730
19752
19780
19809
19831
19853
19875
19897
19926
19949
19971
19994
20016
20044
20067
20092
20126
20148
20176
20199
20221
20243
20271
20294
20317
20339
20367
20389
20412
20435
20463
20485
20508
20530
20555
20584
20606
20628
20651
20673
20701
20724
20746
20769
20797
20819
20842
20870
20893
20915
20943
20966
20988
21010
21033
21055
21081
21109
21137
21159
21187
21210
21232
21258
21286
21308
21331
21353
21376
21398
21426
21449
21471
21499
21522
21544
21567
21595
21617
21640
21662
21685
21707
21730
21758
21783
21811
21834
21856
21879
21907
21929
21952
21974
21997
22025
22047
22070
22092
22123
22151
22174
22202
22224
22247
22269
22291
22312
22311
22172
21894
21712
21850
21989
21842
21726
21539
21452
21645
21649
21562
21582
21583
21565
21513
21508
21464
21425
21331
21282
21175
21075
21076
21121
21123
21090
20913
20857
20958
20960
20940
20889
20795
20796
20787
20680
20652
20608
20591
20539
20462
20457
20405
20404
20408
20360
20317
20231
20234
20237
20220
20158
20080
20057
20030
20000
19956
19909
19884
19848
19819
19779
19756
19731
19698
19671
19628
19591
19552
19515
19484
19452
19399
19358
19330
19295
19264
19227
19194
19172
19142
19114
19074
19043
19017
18983
18945
18915
18876
18835
18807
18775
18740
18706
18678
18651
18624
18586
18554
18523
18495
18468
18425
18393
18355
18325
18294
18264
18233
18204
18176
18138
18107
18078
18049
18020
17978
17949
17918
17888
17848
17819
17791
17760
17730
17701
17673
17644
17607
17579
17543
17515
17485
17457
17428
17393
17365
17336
17307
17279
17250
17214
17186
17155
17119
17091
17056
17028
17000
16972
16937
16910
16882
16854
16826
16798
16771
16743
16702
16674
16639
16612
16585
16554
16527
16499
16472
16438
16411
16384
16359
16360
16517
16759
16836
16622
16618
16737
16832
17001
17018
16816
16861
16901
16873
16870
16909
16916
16923
16960
17007
17068
17095
17190
17246
17208
17176
17187
17274
17397
17314
17284
17293
17326
17370
17423
17376
17447
17498
17531
17542
17565
17631
17636
17668
17679
17658
17696
17723
17783
17796
17779
17780
17808
17880
17905
17918
17939
17972
18011
18033
18056
18070
18095
18117
18138
18157
18171
18203
18232
18260
18277
18306
18328
18360
18397
18416
18431
18457
18480
18509
18528
18549
18571
18591
18617
18641
18663
18699
18722
18743
18765
18790
18811
18836
18869
18891
18911
18930
18951
18981
19004
19031
19051
19074
19098
19121
19143
19173
19195
19218
19241
19262
19284
19323
19345
19373
19395
19416
19437
19460
19490
19512
19534
19556
19579
19609
19631
19661
19684
19707
19729
19757
19779
19802
19824
19847
19874
19896
19919
19942
19964
19993
20015
20038
20060
20089
20114
20136
20158
20181
20203
20226
20248
20276
20299
20327
20355
20377
20400
20422
20445
20468
20493
20515
20538
20560
20588
20611
20633
20661
20684
20706
20729
20757
20779
20802
20824
20847
20880
20903
20925
20953
20976
21007
21029
21052
21080
21102
21125
21147
21170
21192
21215
21243
21265
21288
21310
21344
21366
21389
21417
21439
21462
21484
21507
21535
21557
21580
21602
21630
21653
21681
21706
21729
21751
21774
21802
21824
21847
21869
21892
21920
21942
21968
21990
22018
22041
22063
22086
22114
22136
22159
22181
22204
22229
22251
22274
22302
22321
22279
22085
21798
21735
21975
21947
21802
21673
21470
21526
21687
21616
21569
21590
21586
21531
21513
21498
21448
21404
21305
21253
21133
21071
21111
21137
21114
21028
20852
20925
20971
20955
20915
20867
20773
20815
20766
20674
20649
20605
20582
20501
20468
20425
20404
20421
20377
20337
20256
20233
20244
20239
20183
20109
20073
20051
20014
19975
19924
19890
19858
19835
19800
19768
19748
19712
19690
19651
19609
19577
19543
19510
19479
19437
19387
19354
19333
19305
19274
19228
19197
19175
19144
19116
19067
19039
19011
18965
18931
18904
18873
18841
18805
18772
18737
18704
18677
18650
18608
18576
18544
18514
18487
18458
18427
18395
18354
18322
18292
18262
18231
18203
18167
18128
18097
18069
18040
18011
17976
17947
17916
17886
17858
17828
17792
17758
17721
17692
17656
17627
17599
17570
17541
17513
17483
17455
17419
17391
17364
17334
17291
17263
17234
17206
17171
17142
17113
17085
17058
17030
17002
16967
16939
16911
16873
16842
16810
16783
16755
16728
16693
16665
16638
16610
16583
16556
16528
16501
16460
16433
16406
16373
16352
16373
16513
16753
16808
16627
16619
16735
16830
16997
16981
16812
16882
16893
16873
16871
16898
16917
16923
16960
16990
17057
17084
17162
17246
17222
17178
17187
17241
17377
17366
17284
17288
17307
17337
17397
17418
17379
17478
17504
17541
17552
17617
17639
17646
17684
17660
17692
17718
17775
17798
17782
17782
17829
17885
17906
17921
17947
17977
18014
18031
18053
18069
18099
18119
18133
18159
18175
18215
18235
18262
18279
18298
18320
18346
18384
18411
18429
18449
18471
18506
18527
18547
18569
18589
18623
18642
18663
18692
18717
18736
18759
18783
18811
18843
18869
18891
18911
18936
18957
18981
19013
19032
19051
19074
19101
19124
19147
19182
19204
19227
19249
19271
19299
19323
19345
19367
19395
19419
19440
19463
19493
19520
19548
19570
19594
19617
19639
19662
19690
19715
19737
19760
19782
19805
19827
19864
19883
19905
19928
19951
19976
19998
20021
20043
20071
20094
20117
20117
20148
20181
20203
20226
20248
20271
20293
20322
20344
20366
20389
20411
20440
20462
20488
20521
20543
20566
20589
20611
20633
20656
20678
20706
20729
20751
20774
20799
20822
20850
20872
20900
20923
20945
20968
20990
21013
21035
21063
21086
21108
21131
21153
21181
21209
21235
21257
21279
21302
21330
21353
21375
21398
21420
21442
21465
21493
21527
21549
21572
21594
21622
21645
21667
21690
21712
21735
21760
21788
21810
21833
21861
21883
21906
21928
21951
21979
22001
22024
22046
22069
22091
22117
22145
22167
22195
22218
22240
22263
22291
22313
22331
22317
22187
21807
21746
21947
21985
21840
21683
21449
21536
21696
21622
21577
21601
21594
21554
21520
21518
21466
21422
21336
21281
21142
21080
21108
21145
21122
21037
20876
20908
20981
20972
20940
20898
20820
20803
20789
20687
20662
20618
20596
20520
20520
20500
20462
20415
20426
20411
20367
20314
20240
20251
20251
20216
20142
20090
20069
20040
20010
19950
19913
19887
19857
19824
19786
19760
19729
19707
19670
19627
19585
19557
19533
19502
19470
19426
19380
19354
19324
19293
19260
19211
19189
19160
19124
19092
19060
19019
18983
18946
18912
18864
18835
18805
18762
18728
18698
18671
18644
18615
18584
18548
18511
18485
18454
18414
18384
18354
18322
18292
18262
18232
18196
18167
18136
18105
18077
18040
18012
17977
17939
17908
17879
17851
